DataProto(batch=TensorDict(                                                                                                               
    fields={                                                                                                                              
        attention_mask: Tensor(shape=torch.Size([64, 2048]), device=cpu, dtype=torch.int64, is_shared=True),                              
        input_ids: Tensor(shape=torch.Size([64, 2048]), device=cpu, dtype=torch.int64, is_shared=True),                                   
        position_ids: Tensor(shape=torch.Size([64, 3, 2048]), device=cpu, dtype=torch.int64, is_shared=True)},                            
    batch_size=torch.Size([64]),                                                                                                          
    device=None,                                                                                                                          
    is_shared=False), non_tensor_batch={'problem': array(['<image>Find y.',                                                               
       '<image>Find $x$ so that the quadrilateral is a parallelogram',                                                                    
       '<image>Find the area of the parallelogram. Round to the nearest tenth if necessary.',                                             
...                                                                                  
       '<image>Circles $G, J,$ and $K$ all intersect at $L$ If $G H=10,$ find JK'],                                                       
      dtype=object), 'multi_modal_data': array([{'images': [<PIL.PngImagePlugin.PngImageFile image mode=RGBA size=172x195 at 0x7F8AD8430B90>]},
       {'images': [<PIL.PngImagePlugin.PngImageFile image mode=RGBA size=630x270 at 0x7F8AD84304D0>]},                                    
       {'images': [<PIL.PngImagePlugin.PngImageFile image mode=RGBA size=308x236 at 0x7F8AD85A7EF0>]},                                    
       {'images': [<PIL.PngImagePlugin.PngImageFile image mode=RGBA size=620x571 at 0x7F8AF8196330>]},                                    
...                             
      dtype=object), 'raw_prompt_ids': array([list([151644, 8948, 198, 2610, 525, 20740, 25612, 11, 458, 15235, 17847, 7881, 553, 71449, 13, 151645, 198, 151644, 872, 198, 151652, 151655, 151653, 9885, 379, 13, 1446, 34813, 1744, 911, 279, 32711, 1882, 438, 458, 5306, 1615, 76728, 323, 1221, 3410, 279, 1590, 4226, 13, 576, 32711, 1882, 27732, 7206, 43810, 2878, 366, 26865, 29, 690, 26865, 29, 9492, 13, 576, 1590, 4226, 27732, 7206, 2182, 304, 1124, 79075, 46391, 4354, 11, 421, 498, 1477, 429, 1052, 374, 902, 3322, 2168, 1995, 3897, 311, 4226, 279, 3405, 11, 4486, 4226, 264, 4772, 366, 2152, 4954, 29, 151645, 198, 151644, 77091, 198]),
       list([151644, 8948, 198, 2610, 525, 20740, 25612, 11, 458, 15235, 17847, 7881, 553, 71449, 13, 151645, 198, 151644, 872, 198, 151652, 151655, 151653, 9885, 400, 87, 3, 773, 429, 279, 29136, 42939, 374, 264, 57030, 839, 2396, 1446, 34813, 1744, 911, 279, 32711, 1882, 438, 458, 5306, 1615, 76728, 323, 1221, 3410, 279, 1590, 4226, 13, 576, 32711, 1882, 27732, 7206, 43810, 2878, 366, 26865, 29, 690, 26865, 29, 9492, 13, 576, 1590, 4226, 27732, 7206, 2182, 304, 1124, 79075, 46391, 4354, 11, 421, 498, 1477, 429, 1052, 374, 902, 3322, 2168, 1995, 3897, 311, 4226, 279, 3405, 11, 4486, 4226, 264, 4772, 366, 2152, 4954, 29, 151645, 198, 151644, 77091, 198]),
       list([151644, 8948, 198, 2610, 525, 20740, 25612, 11, 458, 15235, 17847, 7881, 553, 71449, 13, 151645, 198, 151644, 872, 198, 151652, 151655, 151653, 9885, 279, 3082, 315, 279, 57030, 839, 2396, 13, 17097, 311, 279, 23480, 55666, 421, 5871, 13, 1446, 34813, 1744, 911, 279, 32711, 1882, 438, 458, 5306, 1615, 76728, 323, 1221, 3410, 279, 1590, 4226, 13, 576, 32711, 1882, 27732, 7206, 43810, 2878, 366, 26865, 29, 690, 26865, 29, 9492, 13, 576, 1590, 4226, 27732, 7206, 2182, 304, 1124, 79075, 46391, 4354, 11, 421, 498, 1477, 429, 1052, 374, 902, 3322, 2168, 1995, 3897, 311, 4226, 279, 3405, 11, 4486, 4226, 264, 4772, 366, 2152, 4954, 29, 151645, 198, 151644, 77091, 198]),
       list([151644, 8948, 198, 2610, 525, 20740, 25612, 11, 458, 15235, 17847, 7881, 553, 71449, 13, 151645, 198, 151644, 872, 198, 151652, 151655, 151653, 9885, 400, 87, 12947, 1446, 34813, 1744, 911, 279, 32711, 1882, 438, 458, 5306, 1615, 76728, 323, 1221, 3410, 279, 1590, 4226, 13, 576, 32711, 1882, 27732, 7206, 43810, 2878, 366, 26865, 29, 690, 26865, 29, 9492, 13, 576, 1590, 4226, 27732, 7206, 2182, 304, 1124, 79075, 46391, 4354, 11, 421, 498, 1477, 429, 1052, 374, 902, 3322, 2168, 1995, 3897, 311, 4226, 279, 3405, 11, 4486, 4226, 264, 4772, 366, 2152, 4954, 29, 151645, 198, 151644, 77091, 198]),
       list([151644, 8948, 198, 2610, 525, 20740, 25612, 11, 458, 15235, 17847, 7881, 553, 71449, 13, 151645, 198, 151644, 872, 198, 151652, 151655, 151653, 9885, 279, 3082, 315, 279, 91766, 10486, 13, 17097, 311, 279, 23480, 55666, 11, 421, 5871, 13, 1446, 34813, 1744, 911, 279, 32711, 1882, 438, 458, 5306, 1615, 76728, 323, 1221, 3410, 279, 1590, 4226, 13, 576, 32711, 1882, 27732, 7206, 43810, 2878, 366, 26865, 29, 690, 26865, 29, 9492, 13, 576, 1590, 4226, 27732, 7206, 2182, 304, 1124, 79075, 46391, 4354, 11, 421, 498, 1477, 429, 1052, 374, 902, 3322, 2168, 1995, 3897, 311, 4226, 279, 3405, 11, 4486, 4226, 264, 4772, 366, 2152, 4954, 29, 151645, 198, 151644, 77091, 198]),
...
      dtype=object), 'ground_truth': array(['12', '11', '315.2', '5.4', '10.0', '6', '32', '40', '17', '38',                              
       '11', '19', '9', '55.6', '322.0', '3', '35', '26', '6', '105.7',                                                                   
       '3', '2', '24', '171.9', '72', '15', '15', '7', '14', '117', '288',                                                                
       '12', '49', '90', '12.5', '\\sqrt { 34 }', '7', '112', '14.3',                                                                     
       '75', '100', '30.5', '474', '55', '4.08', '20', '40',                                                                              
       '\\frac { 22 } { 5 }', '5.2', '55', '57', '16', '162', '95',                                                                       
       '\\frac { 2 } { 1 }', '\\frac { 17 \\sqrt { 2 } } { 2 }', '18',                                                                    
       '79', '6', '449.0', '18', '62', '45', '2.5'], dtype=object)}, meta_info={'min_pixels': 262144, 'max_pixels': 4194304})             
(Pdb+)                                                                                                                                    
(pid=3346033) Running step 0:   0%|                                                                                                | 0.00/64.0 [23:20<?, ?it/s]